200 100 snow
88 88 88 0 88 88 88 88 88 88 88 4 88 4 88 4 88 4 88 88 88 4 88 88 4 88 4 88 0 4 0 4 4 4 4 90 8 8 90 8 8 4 0 8 4 8 90 8 76 77 0 8 8 0 4 8 4 8 8 4 8 0 90 4 0 8 88 8 4 8 0 8 8 8 0 88 8 76 77 8 88 4 8 90 8 90 8 4 8 8 8 0 8 0 8 8 4 8 8 4 8 76 77 0 8 8 0 8 8 90 8 0 4 8 8 8 66 67 4 8 0 8 8 8 0 8 88 4 8 88 8 0 8 8 8 8 4 0 8 90 8 76 77 4 8 0 4 8 4 8 88 8 8 8 88 8 0 8 0 8 8 88 0 8 0 8 88 92 94 90 8 8 0 8 8 0 8 0 0 8 75 90 90 8 90 90 90 90 90 8 90 8 90 8 90 90 8 90 90 90 
88 88 88 4 88 88 88 88 88 88 92 83 88 0 92 83 92 83 88 88 88 0 88 92 83 92 83 92 93 93 93 93 93 93 93 94 82 93 94 82 93 93 93 93 93 93 94 82 66 67 93 93 93 93 93 93 93 93 93 93 93 93 94 82 75 83 92 93 93 93 93 93 93 93 83 92 93 66 67 83 92 93 93 94 82 94 82 93 76 77 93 93 93 93 93 93 93 93 93 93 93 66 67 93 93 76 77 93 83 92 93 93 93 93 93 83 70 71 92 93 93 93 76 77 93 83 92 93 83 92 93 93 93 76 77 93 93 93 93 94 82 66 67 93 93 93 93 93 93 83 92 93 93 83 92 93 93 76 77 93 83 92 76 77 93 83 92 93 93 94 82 93 93 93 93 93 93 93 93 83 79 90 90 82 94 90 90 90 90 82 94 82 94 82 94 90 0 90 90 90 
88 88 88 0 88 88 88 88 88 92 83 88 92 83 0 88 0 88 88 88 92 83 92 83 92 83 92 93 93 93 93 93 93 93 93 93 94 82 93 94 82 93 93 93 93 93 93 94 70 71 82 93 93 93 93 93 93 93 93 93 93 93 93 94 79 92 93 93 93 93 93 93 93 83 92 93 83 70 71 92 93 93 93 93 94 82 75 82 66 67 93 93 93 93 93 93 93 93 93 83 4 70 71 82 93 66 67 83 92 93 93 93 93 93 83 92 93 93 93 93 93 93 66 67 83 92 93 76 77 93 83 0 82 66 67 93 93 93 93 93 94 70 71 82 93 93 93 75 83 92 93 93 83 92 93 93 93 66 67 83 92 93 66 67 83 92 93 93 93 83 90 82 93 93 76 77 93 93 83 92 93 94 90 90 82 75 90 90 90 90 82 75 0 90 82 94 82 94 90 90 
88 88 92 83 88 88 88 88 92 83 88 92 83 88 0 92 83 88 88 92 83 92 83 92 83 92 93 93 93 93 93 93 93 93 93 93 93 94 82 93 94 82 93 93 93 93 93 93 93 93 94 82 93 76 77 93 93 93 93 93 75 93 76 77 93 93 93 93 93 76 77 93 83 92 93 83 92 93 93 93 93 93 93 93 93 94 79 90 70 71 82 93 93 93 93 76 77 93 83 92 93 93 93 94 4 70 71 92 93 93 76 77 93 83 92 93 93 93 93 93 93 83 70 71 92 93 83 66 67 83 92 93 94 70 71 82 93 93 93 93 93 93 93 94 8 4 0 79 92 93 93 83 92 93 93 93 83 70 71 92 93 83 70 71 92 93 93 93 83 92 94 90 82 93 66 67 83 0 92 93 93 93 75 90 90 79 90 90 90 90 90 79 82 94 90 0 90 82 75 90 
88 92 83 88 88 88 88 92 83 88 92 83 88 92 93 83 88 88 88 0 92 83 92 83 92 93 93 93 93 93 93 93 93 93 93 93 93 93 94 82 93 94 82 93 93 93 93 93 93 93 93 94 82 66 67 93 93 93 93 83 79 82 66 67 93 93 93 93 93 66 67 83 92 93 83 92 93 93 93 93 93 93 93 93 93 93 93 94 82 93 94 82 93 93 93 66 67 83 92 93 93 93 93 93 93 93 93 93 93 93 66 67 83 92 93 93 93 93 93 93 83 92 93 93 93 83 88 70 71 92 93 93 93 93 93 94 82 93 93 93 93 93 93 93 93 93 93 93 93 93 83 92 93 93 93 83 92 93 93 93 83 92 93 93 93 93 93 83 92 93 93 75 90 0 70 71 92 93 93 93 93 83 79 90 90 82 94 90 90 90 90 82 94 76 77 0 90 90 79 90 
92 83 88 88 88 88 92 83 88 92 83 88 92 93 83 88 88 88 92 93 83 88 0 92 93 93 93 93 93 93 93 93 93 93 93 93 93 93 93 94 82 93 76 77 93 93 93 93 93 93 93 76 77 70 71 82 93 93 83 92 93 94 70 71 82 93 93 93 83 70 71 92 93 83 92 93 93 93 75 93 93 93 93 93 93 93 93 93 94 82 93 94 8 0 4 70 71 92 93 93 83 82 93 93 93 93 93 93 93 83 70 71 92 93 93 93 93 93 93 83 92 93 93 93 83 88 92 93 93 93 93 93 93 93 93 93 94 82 75 93 93 93 93 93 93 93 93 93 93 83 92 76 77 93 83 92 93 93 93 83 92 93 93 76 77 93 83 92 93 93 83 79 90 82 93 76 77 93 93 93 83 92 93 76 77 90 82 94 90 90 90 90 82 66 67 82 94 90 82 94 
83 88 88 88 88 92 83 88 92 83 88 92 93 83 88 88 88 92 93 83 88 92 93 93 93 93 93 93 93 93 93 93 93 93 93 93 93 93 93 93 94 82 66 67 82 93 93 93 76 77 93 66 67 93 93 76 77 83 92 93 93 93 93 93 94 82 93 83 92 93 93 93 83 92 93 93 93 83 79 82 93 93 93 93 93 93 93 93 93 94 82 93 76 77 93 93 93 93 93 83 92 94 82 93 76 77 93 93 83 92 93 93 93 93 93 93 93 93 83 92 76 77 93 83 88 92 83 4 82 93 93 76 77 93 93 93 93 94 79 82 93 93 93 93 93 93 93 93 83 92 93 66 67 83 92 93 93 75 83 92 93 93 93 66 67 83 92 93 93 83 92 93 94 90 82 66 67 93 93 83 92 93 93 66 67 90 90 82 94 90 90 90 90 70 71 90 0 90 90 82 
88 88 88 88 92 83 88 92 83 88 92 83 0 88 88 88 92 93 83 88 92 93 93 93 93 93 93 93 93 93 93 93 93 93 93 93 93 93 93 93 93 94 70 71 90 82 76 77 66 67 83 70 71 76 77 66 67 92 93 93 93 93 93 75 93 94 91 92 93 93 93 83 92 93 93 75 83 92 93 94 82 93 76 77 93 93 93 76 77 93 94 82 66 67 93 93 93 75 83 76 77 93 94 82 66 67 93 83 76 77 76 77 93 93 76 77 93 83 92 93 66 67 83 88 92 83 92 93 94 82 93 66 67 93 93 93 93 93 93 94 82 93 76 77 93 93 93 83 92 93 83 70 71 92 93 93 83 79 92 93 93 93 83 70 71 92 93 93 83 92 93 93 83 90 90 70 71 0 0 92 93 93 83 70 71 90 90 90 82 94 90 90 90 0 82 94 82 75 90 90 
88 88 88 88 0 88 92 83 88 92 83 92 83 88 88 92 93 83 88 92 93 93 93 93 93 93 93 93 93 93 93 93 93 93 93 93 93 93 93 93 93 93 93 93 94 90 66 67 70 71 92 93 93 66 67 70 71 0 100 101 95 0 8 79 0 8 0 8 0 96 97 92 93 75 83 79 92 76 77 93 94 82 66 67 93 93 93 66 67 93 75 94 70 71 100 101 0 79 92 66 67 93 93 94 70 71 8 76 77 67 66 76 77 75 66 76 77 92 83 4 70 71 88 92 83 92 93 93 93 94 8 70 71 4 82 93 93 93 93 93 94 82 66 67 93 93 83 92 93 83 92 93 93 93 93 83 92 93 93 83 4 8 92 93 93 93 93 83 92 93 93 83 88 90 90 82 93 93 93 93 93 83 88 4 82 94 90 90 90 82 94 90 90 0 76 77 90 79 90 90 
88 88 88 92 83 88 0 88 92 83 92 83 88 88 92 93 83 88 92 93 93 93 93 93 93 93 93 93 93 93 93 93 93 93 93 93 93 93 93 93 93 93 93 93 93 94 70 71 8 89 8 87 89 70 71 4 8 4 8 89 89 8 89 89 8 89 75 0 8 89 8 89 8 79 92 93 93 66 67 93 75 94 70 71 0 0 4 70 71 0 79 0 0 0 4 0 4 0 0 70 71 87 0 98 0 91 8 66 67 75 70 66 67 76 77 66 67 76 77 93 93 83 92 83 92 76 77 93 93 93 93 93 93 93 94 82 75 93 93 93 93 94 70 71 4 0 92 93 83 92 93 93 93 93 83 92 93 93 83 92 93 93 93 76 77 93 83 92 93 93 83 88 75 94 90 90 82 93 6 93 83 88 88 0 90 82 94 90 90 90 8 90 90 82 66 67 90 0 90 90 
88 88 92 83 88 92 83 92 83 92 83 88 88 92 93 83 88 92 93 93 93 93 93 93 93 93 93 93 93 93 93 93 93 93 93 93 93 93 93 93 93 93 93 93 93 83 75 8 76 77 0 0 0 0 0 4 0 4 0 76 77 0 8 0 8 89 79 8 89 8 0 8 0 8 8 0 0 70 71 0 79 95 0 8 4 8 91 0 8 4 0 8 4 98 4 0 8 4 4 0 8 0 8 0 8 4 0 70 71 79 0 70 75 66 76 77 76 77 67 76 77 92 83 92 93 66 67 93 76 77 93 93 93 93 93 94 79 82 93 76 77 76 77 93 76 77 93 83 92 93 93 93 93 83 92 93 75 83 92 93 93 93 93 66 67 83 92 93 93 83 88 88 79 82 94 90 90 8 34 4 88 88 88 8 90 90 82 94 90 90 4 90 90 90 70 71 90 82 94 90 
88 88 0 88 92 83 92 83 92 83 88 88 92 93 83 88 92 93 93 93 93 93 93 93 93 93 93 93 93 93 93 93 93 93 93 93 93 93 93 93 93 93 93 93 83 88 79 0 66 67 0 8 4 0 8 98 8 0 8 66 67 82 93 93 93 93 93 93 93 93 93 93 93 83 0 0 0 4 0 4 0 0 4 8 4 0 0 8 0 8 4 4 8 4 0 4 0 0 8 0 0 8 4 0 8 0 8 8 4 0 0 4 79 70 66 67 66 67 75 66 76 77 92 93 83 70 71 82 66 67 93 93 76 77 93 76 77 76 77 66 67 66 67 75 66 76 77 92 76 77 93 75 83 92 93 83 79 92 93 93 93 93 83 70 71 92 93 93 83 88 88 92 83 90 82 94 90 4 40 0 88 88 88 82 94 90 90 82 94 90 82 94 90 90 0 82 75 90 82 94 
88 88 0 92 83 92 83 92 83 88 88 92 93 83 88 92 93 93 93 93 93 93 93 93 93 93 76 77 93 76 77 93 76 77 93 76 77 93 93 93 93 93 93 83 88 92 93 83 70 71 8 0 0 8 0 8 4 0 75 70 71 90 82 93 93 93 93 93 93 93 93 93 83 92 83 8 0 0 4 0 4 0 0 35 37 37 37 37 37 37 37 37 37 37 37 37 37 37 37 37 37 37 37 37 37 38 4 4 8 4 4 0 0 0 70 71 70 71 79 70 66 67 76 77 92 76 77 76 77 71 76 77 66 67 75 66 67 66 67 70 75 70 71 79 70 66 67 93 66 67 83 76 77 93 83 92 93 93 76 77 93 83 92 93 93 93 93 83 88 88 92 83 92 94 90 82 94 0 7 87 88 88 92 75 82 94 90 90 82 94 76 77 90 90 82 94 79 90 90 0 
88 92 93 83 92 83 92 83 88 88 92 93 83 88 92 93 93 93 93 93 93 93 93 93 93 93 66 67 93 66 67 93 66 67 93 66 67 93 93 93 93 93 83 88 92 93 83 92 83 8 0 76 77 0 0 0 8 0 79 82 93 94 90 82 93 93 93 93 93 93 75 83 92 83 92 93 83 0 0 4 0 0 8 42 8 0 4 4 0 8 0 4 0 0 4 0 4 4 4 0 8 95 0 8 0 41 37 37 37 37 38 0 4 4 0 100 101 0 0 0 70 75 66 67 93 66 67 66 67 93 66 67 70 71 79 70 71 70 71 0 79 0 98 0 0 70 71 4 70 75 92 66 76 77 92 76 77 93 66 67 83 92 93 93 93 93 83 88 88 92 83 92 93 93 94 90 91 4 34 0 88 92 83 79 90 82 94 90 90 82 66 67 90 90 90 82 93 94 90 82 
92 93 83 92 83 92 83 88 88 92 93 83 88 92 93 93 93 93 93 93 93 93 93 93 93 83 70 71 0 70 71 0 70 71 8 70 71 82 93 93 93 83 88 92 93 83 92 83 92 83 8 66 67 8 75 0 8 8 82 94 82 93 94 90 82 93 76 77 93 83 79 92 83 92 93 83 92 93 93 75 93 93 80 12 81 93 93 93 93 93 93 93 93 93 93 93 93 83 76 77 8 8 0 4 8 0 4 0 8 0 41 37 38 0 4 0 0 0 0 98 0 79 70 71 0 70 71 70 71 4 70 71 96 97 0 8 0 0 0 87 0 4 0 4 8 8 8 4 4 79 0 70 66 67 75 66 67 76 77 71 76 77 93 93 83 0 88 88 92 76 77 93 83 75 82 75 0 0 40 4 92 83 75 93 94 90 75 90 90 90 70 76 77 90 90 90 0 82 94 90 
93 83 92 83 92 83 88 88 92 93 83 88 92 93 93 93 83 0 0 0 4 0 0 4 0 88 8 0 0 4 0 4 0 0 8 0 0 90 0 0 0 88 92 93 83 92 83 92 83 92 83 70 71 0 79 8 0 82 94 82 94 82 93 94 90 82 66 67 76 77 93 83 92 93 83 76 77 93 83 79 0 35 37 44 82 93 93 93 93 93 93 93 93 93 93 83 0 92 66 67 93 93 83 4 0 0 87 0 4 0 8 0 41 38 0 8 4 0 87 0 0 0 0 4 0 0 4 0 4 0 8 8 0 0 4 0 4 0 0 4 0 0 4 0 4 0 4 4 8 0 4 0 70 71 79 70 76 77 76 77 66 67 93 83 92 83 88 92 83 66 67 83 88 79 90 79 4 0 0 4 8 88 79 82 93 94 79 90 90 90 82 66 67 90 90 90 82 75 0 90 
83 92 83 92 83 88 88 88 0 0 88 92 93 93 93 83 92 83 4 4 0 0 8 0 0 88 75 4 0 4 0 0 8 0 4 0 75 90 0 0 0 92 93 83 92 83 92 83 92 83 92 93 83 8 0 0 82 94 82 94 82 94 82 93 76 77 75 76 77 67 76 77 93 83 92 66 67 83 92 93 80 12 81 93 94 82 93 93 93 93 93 93 93 93 83 92 93 83 70 71 0 0 76 77 93 93 83 8 0 0 0 4 0 41 38 0 0 0 0 8 0 8 0 0 4 8 4 35 37 37 37 37 37 37 37 37 37 37 37 37 37 37 37 37 37 38 4 0 4 0 0 87 0 4 100 101 66 76 77 67 75 71 76 77 83 88 92 83 88 70 71 88 88 0 90 4 0 8 3 0 91 92 93 94 82 93 76 77 90 90 90 70 71 90 90 90 90 79 82 94 
92 83 92 83 88 88 88 92 93 83 92 93 83 0 0 88 0 88 0 8 4 0 4 0 0 88 79 0 8 0 18 22 20 0 0 0 79 90 0 8 8 4 0 92 83 92 83 92 83 92 93 83 92 93 93 76 77 82 94 82 94 82 94 76 77 67 76 77 67 76 77 67 83 92 83 70 71 92 93 93 80 12 81 93 93 94 82 93 93 93 93 93 83 76 77 93 83 92 93 93 93 93 66 67 83 75 92 83 0 8 75 8 0 8 41 37 38 0 0 4 0 0 4 0 0 35 37 44 0 4 0 4 0 0 0 4 0 4 0 4 4 0 0 8 0 41 37 37 37 38 4 4 4 4 0 4 70 66 67 76 77 76 77 67 88 92 83 88 92 83 8 88 92 76 77 0 8 0 34 8 0 76 77 0 90 82 66 67 94 90 90 82 93 94 90 90 90 0 90 75 
83 92 83 88 88 88 92 93 83 92 93 83 92 93 83 88 0 88 4 0 8 0 8 0 0 88 75 0 4 0 19 1 28 0 8 0 75 90 0 0 8 8 8 0 92 83 92 83 92 93 83 92 93 93 93 66 67 94 82 94 82 94 82 66 76 77 66 67 76 77 67 75 76 77 92 93 93 83 8 87 0 41 37 37 38 8 90 82 93 93 93 83 92 66 67 83 92 93 93 93 75 83 70 71 88 79 0 88 4 0 79 0 95 4 0 0 41 37 37 37 37 37 37 37 37 44 0 4 0 0 0 4 0 0 95 0 8 0 8 98 8 8 4 0 8 0 0 4 0 41 37 37 37 38 0 0 0 70 71 66 67 66 67 76 77 83 88 92 83 92 83 88 0 66 67 91 4 0 42 0 4 66 67 82 75 90 70 71 82 94 90 90 75 82 94 90 90 82 94 79 
92 83 88 88 88 92 93 83 92 93 83 92 93 83 88 88 0 88 0 0 0 4 0 0 0 88 79 0 4 0 17 26 24 0 0 0 79 90 8 0 8 4 0 4 0 92 83 92 93 83 92 93 93 93 83 70 71 82 94 82 94 76 77 75 66 67 70 71 66 67 71 79 66 67 76 77 83 92 93 93 93 93 93 80 12 81 94 90 0 8 0 88 8 70 71 92 93 93 83 0 79 92 83 0 92 93 83 76 77 0 4 0 8 76 77 0 0 4 0 0 0 4 0 4 4 0 4 4 4 8 91 0 4 8 0 0 4 75 0 4 0 0 0 0 0 0 4 8 0 0 0 0 4 41 37 38 4 0 4 70 76 77 76 77 67 88 92 83 92 83 88 92 83 70 71 0 8 95 42 4 0 70 71 90 79 90 8 82 94 0 90 90 79 90 82 94 90 90 0 82 
83 88 88 88 92 93 83 92 93 83 92 83 0 88 88 88 0 88 0 4 4 4 0 0 4 88 0 8 0 0 0 42 0 4 0 4 0 90 0 0 0 0 4 0 4 0 92 93 83 92 93 93 93 83 92 93 93 94 82 94 76 77 67 79 70 71 0 0 70 71 0 8 70 71 66 67 92 93 93 83 4 35 37 37 44 82 75 94 4 87 8 75 93 93 93 93 93 83 92 83 0 0 88 4 76 77 88 66 76 77 0 4 0 66 67 0 0 0 8 76 77 0 0 75 0 87 0 8 0 0 0 4 8 0 4 0 0 79 8 0 76 77 0 91 0 8 0 0 8 0 4 0 0 0 0 41 38 8 98 0 66 67 66 67 76 77 83 75 83 88 92 83 88 4 0 4 8 0 40 0 82 93 76 77 82 94 76 77 4 76 77 90 0 90 90 82 94 90 0 90 
88 88 88 92 93 83 92 93 83 92 83 92 83 88 88 88 0 88 0 8 0 4 0 0 0 92 83 0 0 4 0 42 0 8 4 0 82 94 0 4 8 4 0 0 0 0 0 4 92 93 93 93 83 92 93 93 93 93 94 82 66 67 71 0 8 0 0 8 0 0 0 0 91 0 70 71 4 0 0 92 80 12 81 93 93 94 79 0 0 0 0 79 82 93 93 93 83 92 83 92 93 83 92 83 66 67 88 70 66 67 76 77 0 70 71 0 8 0 4 66 67 4 0 79 0 0 4 8 76 77 76 77 0 76 77 0 0 4 8 0 66 67 0 0 0 0 98 4 0 0 4 91 0 4 0 8 42 4 0 4 70 71 70 71 66 76 77 79 88 75 83 88 92 93 83 95 0 4 7 4 90 82 66 67 94 82 66 67 82 66 67 90 75 90 90 90 0 76 77 90 
88 88 92 93 83 92 93 83 92 83 92 83 88 88 88 88 0 88 0 4 0 0 0 4 0 4 92 93 93 93 80 12 81 93 93 93 94 4 4 0 4 0 4 0 8 4 0 0 0 8 4 0 92 93 93 93 93 93 93 94 70 71 4 0 95 8 0 75 0 0 4 4 0 4 0 8 8 8 0 35 37 44 0 8 89 4 89 89 4 89 8 82 94 76 77 83 92 83 92 83 0 92 83 88 70 71 88 0 75 76 77 67 76 77 0 0 0 4 0 70 71 4 8 0 76 77 82 76 77 67 66 67 76 77 67 75 76 77 0 8 70 71 100 101 0 75 4 0 76 77 0 0 0 0 0 0 42 0 8 0 8 0 4 0 70 66 67 83 88 79 88 92 93 83 76 77 93 80 12 81 94 90 70 71 82 75 70 71 90 70 71 90 79 90 90 90 82 66 67 90 
88 92 93 83 92 93 83 92 83 92 83 88 88 88 88 92 83 92 83 4 0 0 8 0 0 4 0 0 0 0 0 42 0 0 0 0 0 0 4 0 4 4 0 0 0 0 0 4 0 4 0 4 0 0 0 8 0 0 87 0 0 0 4 4 4 4 0 79 8 0 0 4 0 4 0 4 0 35 37 44 4 4 4 0 8 89 4 89 89 8 89 90 82 66 76 77 83 92 83 92 93 83 88 92 83 0 92 83 76 77 67 76 77 67 76 77 76 77 76 77 76 77 0 82 66 76 77 66 67 76 77 75 66 67 76 77 66 67 76 77 0 4 8 4 0 79 0 4 66 67 0 4 4 4 8 35 44 0 0 76 77 8 8 4 0 70 76 77 92 83 92 93 83 92 66 67 83 0 0 0 82 94 82 93 76 77 82 93 76 77 82 94 82 94 90 90 90 70 71 90 
92 93 83 92 93 83 92 83 92 83 88 88 88 88 92 83 76 77 92 93 83 4 0 0 8 0 4 4 4 4 0 42 0 0 0 0 0 0 0 4 0 4 0 4 0 4 0 0 0 0 4 0 0 0 0 0 4 8 0 4 4 0 0 0 0 4 4 0 0 4 0 8 0 4 35 37 37 44 4 0 0 0 0 4 0 0 89 95 8 89 82 94 76 77 66 67 76 77 92 93 83 88 92 83 92 83 0 88 66 67 76 77 76 77 66 76 77 76 77 67 76 77 75 76 77 66 76 77 71 66 67 76 77 71 66 67 76 77 66 76 77 83 76 77 4 0 4 4 70 71 0 8 0 4 0 42 0 0 0 66 76 77 76 77 4 0 66 67 83 92 75 83 92 83 70 71 76 77 12 76 77 82 94 82 66 67 94 82 66 67 94 82 94 0 90 90 90 0 0 90 
93 83 92 93 83 92 83 92 83 88 88 88 88 92 83 88 66 76 77 83 76 77 93 83 0 4 0 8 0 0 0 41 37 37 37 37 37 37 37 37 37 37 37 37 37 37 37 37 37 37 37 37 38 0 0 0 0 0 8 0 0 0 8 8 0 0 4 0 4 0 35 37 37 37 44 0 8 0 4 0 8 4 8 0 0 4 0 0 75 4 90 82 66 76 77 76 77 76 77 83 88 92 83 92 83 92 83 88 70 76 77 67 66 76 77 66 67 66 76 77 66 76 77 66 67 70 66 67 75 70 71 66 67 75 70 71 66 67 76 77 67 76 77 67 76 77 0 0 0 4 0 0 4 4 0 42 0 95 0 70 66 67 66 67 0 4 70 71 75 76 77 92 83 92 93 93 66 67 12 66 67 94 82 94 70 71 82 94 70 76 77 94 82 93 94 90 90 82 93 94 
83 92 93 83 92 83 92 83 88 88 88 88 92 83 88 88 70 66 67 76 77 67 83 92 83 4 0 0 0 8 0 0 0 0 0 8 0 0 0 4 8 0 0 4 0 0 4 0 4 4 0 0 41 37 37 37 37 37 38 0 4 0 4 0 99 0 0 0 35 37 44 0 0 0 4 0 0 4 0 4 0 0 75 0 0 4 4 0 79 0 90 90 76 77 76 77 67 66 76 77 92 83 92 83 92 83 88 92 83 66 67 76 77 66 76 77 75 76 77 67 75 66 67 75 71 0 70 71 79 0 98 70 71 79 100 101 70 71 66 67 71 66 67 75 66 76 77 76 77 4 0 87 0 4 35 44 4 0 0 0 70 71 75 76 77 4 8 8 79 66 67 83 76 77 93 83 70 71 0 70 71 82 94 82 93 93 94 82 93 66 67 82 94 82 93 76 77 90 75 82 
92 93 83 92 83 92 83 88 88 88 88 92 83 88 88 92 83 76 77 66 67 75 76 77 92 93 83 4 0 0 8 0 0 4 0 0 4 8 8 8 0 0 8 4 4 4 0 4 8 0 4 0 0 4 0 0 0 4 41 37 37 38 0 0 103 0 35 37 44 0 8 0 8 4 0 8 0 95 4 0 0 8 79 0 8 0 0 8 0 82 94 76 77 67 66 67 75 70 66 76 77 92 83 92 83 88 92 83 88 76 77 76 77 75 66 67 79 66 67 71 79 70 71 79 96 97 0 91 0 0 4 0 8 4 0 4 0 0 70 71 0 70 71 79 70 66 76 77 76 77 83 0 0 0 42 8 8 76 77 82 75 83 79 66 67 76 77 4 4 70 71 75 66 67 83 76 77 80 12 81 76 77 82 94 82 75 93 94 0 70 71 90 0 90 82 66 67 90 79 90 
93 83 92 83 92 83 88 88 88 88 92 83 88 88 92 83 88 66 76 77 75 76 77 67 76 77 92 93 93 75 83 0 4 0 8 4 0 0 0 0 0 4 0 4 4 0 4 8 0 4 4 0 4 0 0 4 0 0 0 4 4 41 37 37 39 37 44 4 0 0 8 0 0 0 4 0 0 0 76 77 4 0 4 0 0 0 91 0 82 94 76 77 67 71 70 71 79 4 70 66 76 77 92 83 88 92 83 88 88 66 67 66 76 77 70 71 98 70 71 95 0 0 4 0 0 0 0 0 0 4 0 0 4 76 77 0 4 0 0 4 4 8 0 95 0 70 66 67 66 67 92 93 93 80 12 81 93 66 67 75 79 76 77 70 71 66 76 77 8 4 4 79 70 71 92 66 67 80 12 76 77 67 76 77 90 79 82 93 76 77 93 94 0 90 90 70 71 90 0 90 
83 92 83 92 83 88 88 88 88 92 83 88 88 92 83 88 88 76 77 67 76 77 67 76 77 67 76 77 83 76 77 93 76 77 76 77 93 93 75 93 93 93 93 75 83 89 89 89 4 89 89 4 89 76 77 0 0 8 4 0 0 4 0 4 42 0 0 0 4 4 75 0 4 0 0 82 76 77 66 67 93 93 93 76 77 93 93 93 76 77 66 67 71 100 101 89 8 89 98 76 77 67 83 88 92 83 88 88 88 75 76 77 66 67 8 8 0 0 0 0 0 4 0 0 0 4 0 4 4 8 4 76 77 66 76 77 4 0 8 0 4 0 0 4 0 8 70 71 70 71 0 0 0 8 42 4 0 70 76 77 0 66 67 76 77 70 66 67 76 77 0 8 0 8 4 70 71 4 0 66 67 76 77 67 90 0 90 82 66 67 93 93 76 77 90 82 93 94 0 90 
92 83 92 83 88 88 88 88 92 83 88 88 92 83 88 88 88 66 76 77 66 76 77 66 76 77 66 76 77 66 67 76 77 76 77 67 83 0 79 0 100 76 77 79 76 77 93 93 76 77 76 77 93 66 67 83 89 4 0 4 4 0 0 0 41 38 0 0 0 0 79 8 82 76 77 76 77 67 70 71 82 75 76 77 76 77 75 76 77 76 77 71 4 0 0 4 89 4 89 66 67 76 77 92 83 88 88 88 88 79 66 67 76 77 98 0 0 8 8 4 0 0 0 4 0 8 0 8 8 4 76 77 76 77 66 67 76 77 98 76 77 4 76 77 8 4 0 4 4 0 0 0 8 8 42 0 4 75 66 67 76 77 75 66 67 83 70 71 66 67 76 77 76 77 8 4 0 8 0 70 76 77 67 71 90 75 90 90 70 71 0 82 66 67 94 90 82 75 93 94 
83 92 83 88 88 88 88 92 83 88 88 92 83 88 88 88 88 76 77 67 76 77 67 76 77 76 77 66 76 77 76 77 67 66 67 76 77 75 93 76 77 66 76 77 66 67 75 76 77 67 66 76 77 70 71 88 0 95 4 75 0 91 0 0 0 42 4 0 8 0 4 82 76 77 76 77 67 71 76 77 75 76 77 67 66 76 77 66 67 66 67 8 4 8 0 0 0 0 8 70 75 66 67 83 88 88 88 88 88 76 77 75 66 76 77 8 4 0 0 0 0 8 0 0 0 0 4 4 0 76 77 67 66 76 77 75 66 67 76 77 67 75 66 67 76 77 4 76 77 0 0 8 8 35 44 4 0 79 70 76 77 67 76 77 75 76 77 83 70 71 66 67 66 76 77 76 77 75 4 76 77 76 77 82 94 79 90 90 82 93 93 94 70 71 0 90 90 79 82 93 
92 83 88 88 88 88 92 83 88 88 92 83 88 88 88 88 88 66 67 76 77 67 75 66 76 77 67 76 77 67 66 67 76 77 75 66 76 77 76 77 67 70 66 76 77 71 76 77 67 75 76 77 67 76 77 92 83 0 0 79 0 4 0 4 0 42 0 0 0 0 82 75 66 76 77 67 71 82 66 76 77 66 67 71 70 66 67 70 71 70 71 0 0 0 0 95 0 4 8 0 79 70 75 88 88 88 88 88 88 66 67 79 76 77 67 0 0 8 4 8 8 0 0 0 87 76 77 76 77 66 67 75 76 77 67 76 77 76 77 67 76 77 75 76 77 76 77 66 67 8 8 8 0 42 4 0 76 77 75 66 76 77 66 76 77 66 76 77 76 77 76 77 70 66 67 66 76 77 76 77 67 66 67 90 0 82 94 90 90 75 82 93 93 76 77 94 90 0 90 82 
83 88 88 88 88 92 83 88 88 92 83 88 88 88 88 88 88 70 75 66 67 76 77 70 66 67 71 66 67 71 75 76 77 67 79 76 77 67 66 67 75 76 77 66 76 77 66 67 71 76 77 67 75 66 76 77 76 77 93 83 0 4 0 0 0 42 0 0 0 82 75 76 77 66 67 71 82 76 77 66 67 70 71 0 98 70 71 0 0 0 0 8 0 4 0 8 0 0 4 98 76 77 79 88 88 88 88 88 88 70 76 77 66 76 77 8 0 0 0 0 0 0 98 76 77 66 67 66 76 77 76 77 66 76 77 66 76 77 76 77 66 67 76 77 67 66 67 70 71 8 0 0 35 44 0 4 66 67 79 70 66 67 76 77 76 77 66 76 77 67 66 76 77 76 77 70 66 67 66 67 71 70 71 90 4 90 75 90 90 79 90 75 82 66 67 93 94 0 90 90 
88 88 88 88 92 83 88 88 92 83 88 88 88 88 88 88 76 77 79 70 71 66 67 4 70 71 0 70 71 0 79 66 76 77 76 77 67 76 77 76 77 66 76 77 66 76 77 71 75 66 76 77 79 76 77 67 66 76 77 92 93 93 93 83 0 42 89 82 93 94 79 66 67 70 71 82 76 77 67 70 71 96 97 0 4 0 0 8 8 8 0 0 0 8 8 0 4 75 76 77 66 76 77 88 88 88 88 88 88 76 77 67 76 77 67 8 91 100 101 76 77 76 77 66 76 77 76 77 66 76 77 67 76 77 76 77 66 67 66 67 70 71 66 67 71 70 71 8 8 8 0 35 44 4 0 0 75 76 77 76 77 76 77 67 66 76 77 66 76 77 76 77 76 77 67 76 77 71 70 71 0 82 93 94 0 90 79 90 90 0 90 79 90 70 71 82 76 77 94 90 
88 88 88 92 83 88 88 92 83 88 88 88 88 88 88 88 66 76 77 83 76 77 71 0 8 98 0 4 0 96 97 70 66 76 77 67 71 66 76 77 67 76 77 76 77 66 76 77 79 76 77 67 8 66 67 75 76 77 67 76 77 83 4 92 80 12 81 94 0 8 4 70 71 82 76 77 66 67 71 4 87 0 4 8 0 0 4 0 0 75 4 0 4 0 4 76 77 79 66 67 70 66 76 77 88 88 88 88 88 66 76 77 66 67 76 77 76 77 76 77 67 66 67 76 77 76 77 76 77 66 67 75 66 67 66 67 70 71 70 71 98 0 70 71 0 95 8 8 0 8 35 44 0 0 76 77 79 66 67 66 76 77 67 76 77 66 67 76 77 76 77 67 66 67 75 66 67 93 76 77 76 77 8 76 77 94 4 90 90 82 94 8 90 75 0 90 66 67 0 90 
88 88 92 83 88 88 92 83 88 88 88 88 88 88 88 88 70 66 76 77 66 67 83 4 0 0 4 0 8 0 4 0 70 66 67 71 98 70 66 67 76 77 67 66 76 77 66 76 77 66 76 77 75 76 77 76 77 67 76 77 67 76 77 8 4 41 37 37 37 37 37 38 0 90 66 67 70 71 98 0 8 4 0 4 0 4 0 0 4 79 0 8 0 76 77 66 67 76 77 71 84 70 66 67 9 88 88 88 88 70 66 76 77 76 77 76 77 76 77 67 76 77 75 66 76 77 67 66 67 70 71 79 70 71 70 71 0 91 0 0 0 4 0 8 8 8 8 0 0 8 42 8 0 91 66 67 0 75 76 77 66 76 77 66 76 77 76 77 67 66 67 75 70 71 76 77 71 76 77 67 66 76 77 66 76 77 82 94 90 90 4 82 94 79 76 77 70 71 82 94 
88 92 83 88 88 92 83 88 88 88 88 88 88 88 88 88 76 77 66 67 75 76 77 76 77 4 0 8 0 8 0 4 0 70 71 0 4 0 70 71 66 67 71 70 66 76 77 66 76 77 66 76 77 66 76 77 67 75 66 67 75 66 67 75 76 77 93 76 77 93 80 12 81 94 70 71 0 0 4 0 0 0 4 0 0 0 91 4 0 8 0 0 0 66 76 77 71 66 67 84 9 84 70 71 84 84 9 88 75 76 77 66 67 66 76 77 76 77 67 76 77 67 76 77 66 67 71 70 71 96 97 0 0 4 0 0 4 0 0 4 0 0 35 37 37 37 37 37 37 37 44 0 0 0 70 76 77 76 77 67 70 66 67 70 66 67 66 67 71 70 76 77 82 76 77 67 76 77 67 76 77 66 76 77 66 67 90 82 94 76 4 90 4 82 66 67 0 82 94 0 
92 83 88 88 92 83 88 88 88 88 88 88 88 88 88 88 66 67 75 76 77 66 67 66 67 83 0 0 0 0 95 0 0 8 0 8 0 8 0 0 70 71 100 101 70 66 67 70 66 67 70 66 67 70 66 67 71 76 77 71 76 77 71 79 66 67 75 66 67 4 8 42 0 0 4 0 8 0 0 4 8 0 0 0 8 0 0 0 4 0 0 0 75 76 77 67 76 77 71 88 84 9 84 5 84 9 84 76 77 66 67 75 76 77 66 76 77 76 77 66 67 71 66 67 70 71 0 4 0 8 0 4 4 0 4 4 0 4 35 37 37 37 44 0 0 8 98 0 0 0 4 0 76 77 75 66 67 66 67 71 0 70 76 77 70 76 77 71 76 77 66 67 76 77 76 77 66 76 77 66 67 76 77 67 70 71 90 90 82 66 67 90 8 90 70 71 82 94 0 0 
83 88 88 92 83 88 88 88 88 88 88 88 88 88 88 88 70 76 77 66 76 77 76 77 71 76 77 83 4 4 0 8 4 0 4 8 0 4 0 4 8 0 0 8 0 70 71 0 70 71 0 70 71 98 70 71 4 66 67 4 66 67 8 98 70 71 79 70 71 0 0 42 4 4 8 8 0 4 4 0 4 75 0 0 0 0 8 0 0 0 8 76 77 66 67 71 66 67 84 9 88 84 9 84 84 76 77 66 67 75 76 77 66 67 75 66 67 66 67 70 71 4 70 71 0 95 0 8 0 0 8 0 0 0 35 37 37 37 44 0 0 0 4 0 8 0 0 0 4 4 0 4 66 67 79 70 71 70 71 76 77 76 77 67 76 77 76 77 66 76 77 76 77 67 66 76 77 66 67 76 77 66 67 71 0 82 94 90 90 70 71 76 77 90 0 82 94 0 0 0 
88 88 92 83 88 88 88 88 88 88 88 88 88 88 88 88 0 66 67 76 77 67 66 76 77 66 76 77 83 0 4 4 0 8 0 0 75 0 0 0 95 4 0 0 4 0 4 0 0 4 0 0 0 8 0 4 0 70 71 0 70 71 0 8 0 8 0 4 0 4 0 40 0 0 4 0 0 0 0 0 0 79 4 4 0 0 0 0 0 4 0 66 67 70 75 84 70 71 76 77 9 88 84 84 84 66 67 75 76 77 66 67 70 71 79 70 71 75 71 100 101 0 4 0 4 0 4 0 8 35 37 37 37 37 44 4 0 4 4 0 4 0 4 76 77 87 0 4 0 75 4 0 70 76 77 76 77 75 76 77 67 66 76 77 66 67 66 76 77 66 76 77 67 76 77 66 67 75 76 77 76 77 75 82 75 94 82 94 90 82 93 66 67 90 75 90 0 0 0 0 
88 92 83 88 88 88 88 88 88 88 88 88 88 88 88 75 83 76 77 66 67 71 70 66 67 75 66 67 92 83 0 87 0 0 8 4 79 8 8 0 8 0 8 4 0 8 0 8 0 0 8 4 0 4 0 0 8 0 0 0 0 4 0 0 0 4 4 8 0 0 0 0 0 4 8 0 4 8 0 8 0 8 0 0 8 0 75 0 0 0 98 70 75 84 79 9 84 5 66 67 84 9 76 77 88 70 71 79 66 67 70 71 8 76 77 4 75 79 0 4 0 8 4 0 0 0 35 37 37 44 0 4 0 0 4 0 0 0 4 0 4 0 4 66 67 8 4 0 0 79 4 76 77 66 76 77 67 79 66 67 75 76 77 67 70 71 75 66 67 76 77 67 76 77 67 70 76 77 66 67 66 67 79 90 79 82 94 76 77 90 0 70 71 90 79 90 0 0 0 0 
92 83 88 88 88 88 88 88 88 88 88 88 88 88 88 79 88 66 67 70 76 77 75 70 76 77 70 76 77 75 93 83 0 4 0 0 0 4 4 8 0 0 8 0 4 4 0 4 0 4 0 0 75 0 8 0 4 0 8 0 95 0 8 0 4 0 8 0 4 0 8 3 8 0 0 0 4 0 4 8 0 0 4 4 0 0 79 0 4 8 76 77 79 88 84 5 84 5 70 71 9 76 77 67 88 4 75 76 77 71 76 77 75 66 67 76 77 0 4 75 0 0 98 0 0 35 44 0 4 0 8 4 76 77 0 4 8 75 0 4 0 8 0 70 71 4 0 76 77 4 76 77 67 76 77 67 75 76 77 71 79 66 67 75 8 0 79 70 75 66 76 77 66 76 77 75 66 67 75 76 77 71 82 94 0 90 82 66 67 90 82 76 77 76 77 90 0 0 0 0 
83 88 88 88 88 88 88 88 88 88 88 88 88 88 92 83 88 70 76 77 66 67 79 76 77 67 76 77 67 79 76 77 75 83 4 8 0 4 0 4 4 0 8 0 8 0 91 0 8 0 8 0 79 0 0 0 8 4 4 0 4 4 0 8 0 0 0 8 0 0 0 34 0 4 0 4 0 0 0 0 0 4 0 0 0 8 0 0 0 76 77 67 84 9 88 84 75 0 84 76 77 66 67 75 76 77 79 66 67 4 66 67 79 70 71 66 67 4 0 79 8 4 0 8 35 44 4 4 98 0 0 0 66 67 95 0 0 79 4 0 98 0 0 8 0 76 77 66 76 77 66 76 77 66 67 75 79 66 67 0 0 70 71 79 4 8 4 0 79 70 66 67 70 66 67 76 77 75 76 77 67 82 94 82 93 94 90 70 71 90 90 66 76 77 67 90 0 0 0 0 
88 88 88 88 88 88 88 88 88 88 88 88 88 92 83 88 88 75 66 76 77 71 76 77 67 76 77 67 71 76 77 67 79 76 77 93 83 0 8 76 77 0 4 4 0 8 0 0 4 0 0 0 4 0 8 4 0 8 75 0 4 0 4 8 0 4 4 0 0 0 4 41 36 7 0 0 0 91 0 0 8 0 0 8 0 0 4 0 87 66 67 75 76 77 88 88 79 84 9 66 76 77 76 77 66 67 83 70 71 75 70 71 76 77 75 70 71 4 0 8 0 8 4 0 42 4 0 4 0 4 4 4 70 71 8 8 4 8 0 4 8 76 77 76 77 66 67 70 66 67 70 66 67 70 71 79 0 70 71 0 4 0 8 98 0 4 0 91 0 8 70 71 0 75 71 66 76 77 66 67 71 90 82 75 0 82 94 4 82 94 90 75 66 76 77 90 0 0 0 0 
88 88 88 88 88 88 88 88 88 88 88 88 92 83 88 88 88 76 77 66 76 77 66 67 76 77 67 76 77 66 67 76 77 66 76 77 92 75 76 77 76 77 83 76 77 0 76 77 0 4 4 0 0 0 4 0 4 0 79 8 4 0 0 0 91 0 0 8 8 0 0 0 4 0 8 34 0 0 0 0 0 0 0 95 0 0 76 77 75 76 77 79 66 67 88 88 0 88 84 75 66 67 66 67 75 76 77 93 76 77 8 4 66 67 79 4 0 8 4 76 77 0 0 35 44 0 4 8 75 0 8 4 4 4 0 4 0 4 76 77 76 77 67 66 67 70 71 75 70 71 0 70 71 96 97 0 4 4 95 4 0 0 4 0 4 0 4 0 0 8 0 0 0 79 75 76 77 67 75 71 82 94 90 79 82 94 82 75 94 0 76 77 76 77 67 90 0 0 0 0 
88 88 88 88 88 88 88 88 88 88 88 92 83 88 88 88 88 66 67 76 77 67 75 76 77 67 76 77 67 76 77 66 67 70 66 76 77 76 77 67 66 67 75 66 76 77 66 67 83 8 0 4 76 77 0 4 4 8 0 0 0 0 4 0 8 0 4 0 0 75 0 8 0 0 4 40 0 0 0 75 0 4 0 0 0 8 66 67 79 66 67 84 70 71 75 88 0 88 88 79 70 76 77 71 79 66 76 77 66 67 93 83 70 71 0 4 87 0 0 66 67 4 0 42 4 0 0 4 79 8 91 0 4 8 76 77 4 76 77 67 66 67 71 70 76 77 0 79 0 4 0 4 0 0 0 4 0 4 0 0 4 35 37 37 37 37 37 37 37 37 37 37 38 0 79 66 67 71 79 82 94 82 94 82 75 82 94 79 76 77 66 76 77 76 77 90 0 0 0 0 
88 88 88 88 88 88 88 88 88 88 92 83 88 88 88 88 88 70 76 77 67 76 77 66 67 71 66 76 77 66 67 75 76 77 75 66 67 66 67 71 76 77 79 70 66 67 70 71 76 77 75 76 77 67 83 0 8 8 0 4 8 0 8 0 8 4 0 8 0 79 0 0 4 0 0 3 0 4 0 79 4 0 8 0 4 0 76 77 76 77 71 88 0 84 79 88 0 88 88 76 77 66 67 76 77 70 66 76 77 75 4 92 93 93 76 77 76 77 0 70 71 8 0 42 0 4 76 77 4 76 77 8 76 77 66 67 75 66 67 71 70 71 4 98 66 67 0 0 4 0 4 0 0 4 0 0 35 37 37 37 37 44 0 4 0 8 4 0 4 0 4 8 42 8 75 70 71 82 75 94 0 90 82 94 79 90 0 76 77 76 77 66 76 77 67 90 0 0 0 0 
88 88 88 88 88 88 88 88 88 92 83 88 88 88 88 88 88 4 66 67 76 77 67 75 76 77 76 77 67 76 77 79 66 67 79 70 71 70 71 0 66 67 100 101 70 71 87 8 66 67 79 66 67 71 92 83 4 0 4 8 0 4 0 75 0 4 0 0 0 0 0 4 0 8 0 0 0 0 0 0 0 4 0 0 76 77 66 76 77 76 77 88 0 88 0 88 75 88 88 66 67 75 71 66 67 75 76 77 67 79 76 77 75 4 66 67 66 67 93 93 93 93 80 12 81 93 66 76 77 66 76 77 66 67 75 71 79 70 71 4 0 87 0 0 70 71 0 4 0 0 0 4 35 37 37 37 44 0 0 0 4 0 4 8 4 4 0 95 0 76 77 4 42 0 79 0 82 75 79 76 77 94 90 4 82 94 82 66 76 77 67 76 77 67 75 90 0 0 0 0 
88 88 88 88 88 88 88 88 92 83 88 88 88 88 88 88 88 76 77 71 66 67 71 76 77 67 66 67 75 66 67 4 70 71 96 97 4 4 91 4 70 71 4 0 4 8 4 0 70 71 0 70 71 8 76 77 75 76 77 0 4 0 8 79 0 0 0 0 0 8 4 0 0 8 0 4 0 8 0 8 4 0 98 0 66 76 77 66 67 66 67 88 0 88 0 88 79 88 88 75 71 76 77 75 76 77 66 67 71 0 66 67 79 0 70 76 77 71 0 95 0 4 0 42 0 75 70 66 67 70 66 67 70 71 79 100 101 0 0 0 4 4 8 0 4 0 4 0 0 35 37 37 44 0 0 4 0 4 75 0 8 87 0 0 4 76 77 0 82 66 67 80 12 75 93 93 94 79 82 66 67 82 94 76 77 8 90 75 66 76 77 66 67 76 77 90 0 0 0 0 
88 88 88 88 88 88 88 92 83 88 88 88 88 88 88 88 88 66 67 76 77 75 76 77 67 76 77 76 77 70 71 0 0 0 8 0 0 4 0 0 0 8 0 4 0 0 0 0 8 0 0 91 0 4 66 67 79 66 76 77 83 76 77 0 4 4 0 87 0 0 0 8 4 0 8 0 3 0 0 0 0 0 0 76 77 66 67 70 75 70 71 88 0 88 0 88 0 88 88 79 76 77 67 79 66 67 70 76 77 4 70 71 0 0 4 66 67 0 4 0 0 0 0 42 0 79 0 70 71 0 70 71 0 4 0 0 4 8 0 8 0 0 4 0 0 35 37 37 37 44 0 76 77 8 4 8 4 0 79 4 0 4 76 77 82 66 67 93 94 70 71 0 42 79 76 77 82 76 77 70 71 90 82 66 67 0 90 76 77 66 67 75 76 77 67 90 0 0 0 0 
88 88 88 88 88 88 92 83 88 88 88 88 88 88 88 88 88 70 76 77 67 76 77 67 76 77 67 66 67 0 0 4 98 8 0 0 4 0 4 0 8 0 0 0 75 4 0 4 0 0 4 0 0 0 70 71 4 70 66 67 92 66 76 77 0 4 8 0 0 0 0 4 0 4 0 4 7 4 4 0 4 8 0 66 67 70 71 0 79 0 0 88 0 88 0 88 0 88 75 83 66 67 71 76 77 75 8 66 67 0 8 4 76 77 0 70 71 4 75 0 0 98 0 41 38 0 0 4 4 0 0 4 4 0 91 0 0 0 35 37 37 37 37 37 37 44 8 0 8 0 4 66 67 0 8 98 8 8 0 76 77 82 66 67 75 70 71 76 77 93 93 80 12 81 66 67 94 66 67 4 8 90 90 70 71 82 76 77 76 77 76 77 66 67 71 90 0 0 0 0 
88 88 88 88 88 92 83 88 88 88 88 88 88 88 88 88 88 0 66 67 76 77 76 77 66 67 71 70 71 4 0 0 4 0 0 8 0 0 0 8 0 0 8 4 79 4 0 4 0 8 0 0 8 4 0 4 8 98 70 71 4 70 66 67 76 77 93 83 76 77 76 77 0 4 0 0 4 0 0 0 8 0 8 70 71 0 82 76 77 75 83 88 76 77 0 88 76 77 79 88 70 71 76 77 67 79 76 77 71 4 0 0 66 67 4 4 0 0 79 4 0 0 4 0 41 37 38 0 0 4 4 8 0 8 4 0 35 37 44 0 4 8 0 76 77 4 0 95 8 0 4 70 71 4 0 76 77 0 82 66 67 94 76 77 79 0 82 66 67 0 4 8 42 0 75 76 77 75 71 82 75 94 90 0 76 77 66 76 77 67 66 76 77 71 82 94 0 0 0 0 
88 88 88 88 92 83 88 88 88 88 88 88 88 88 88 88 88 75 76 77 66 67 66 67 76 77 100 101 95 4 0 8 0 4 0 0 0 4 0 4 0 8 0 0 0 4 0 4 0 4 0 4 0 4 0 0 0 0 0 96 97 0 70 71 66 67 75 76 77 67 66 76 77 0 8 0 34 0 4 0 4 0 82 76 77 75 76 77 67 79 88 88 66 67 83 88 66 67 83 92 83 0 66 67 75 0 66 67 0 76 77 75 70 71 8 76 77 4 8 0 76 77 0 8 0 0 41 37 37 37 37 37 37 37 37 37 44 0 0 75 0 4 0 66 67 8 4 0 4 8 0 0 4 8 82 66 67 75 94 70 71 82 66 67 93 93 94 70 71 4 8 4 42 76 77 66 67 79 82 94 79 82 75 82 66 76 77 66 76 77 70 66 76 77 90 0 0 0 0 0 
88 88 88 92 83 88 88 88 88 88 88 88 88 88 88 88 88 79 66 76 77 75 70 71 66 67 4 4 0 4 8 0 0 0 8 114 118 118 118 118 118 118 118 118 118 118 116 0 4 0 8 0 4 0 4 0 8 8 0 0 95 0 4 0 70 71 79 66 67 71 70 66 67 93 93 80 12 81 93 93 93 76 77 66 76 77 66 67 76 77 88 88 70 71 88 88 70 71 88 0 75 83 70 71 79 8 75 71 4 66 67 79 0 4 0 66 67 0 0 4 66 67 0 8 4 0 8 0 4 0 0 0 0 0 4 76 77 0 4 79 8 8 8 70 71 4 82 93 76 77 93 76 77 93 94 70 71 79 82 75 93 94 70 71 4 4 0 0 35 37 37 37 44 66 67 70 71 82 94 76 77 94 79 76 77 66 76 77 66 76 77 75 66 67 90 0 0 0 0 0 
88 88 92 83 88 88 88 88 88 88 88 88 88 88 88 88 92 83 76 77 67 76 77 75 70 71 0 8 8 0 0 4 8 114 118 119 11 11 11 11 11 11 11 11 11 11 126 118 116 8 4 0 8 0 0 0 4 0 4 0 8 0 0 8 0 87 4 70 71 8 4 70 71 0 4 0 40 0 8 0 4 66 67 75 66 76 77 76 77 67 88 92 83 0 88 76 77 0 76 77 79 76 77 93 83 0 79 0 0 70 71 0 76 77 0 70 71 75 76 77 70 71 4 0 4 0 8 4 0 0 95 4 4 8 8 66 67 4 8 0 4 0 82 93 93 76 77 76 77 67 75 66 67 93 93 75 93 93 94 79 4 4 0 4 0 91 0 4 42 76 77 75 8 70 71 76 77 75 82 66 67 8 82 66 67 76 77 67 76 77 67 76 77 71 90 0 0 0 0 0 
88 92 83 88 88 88 88 88 88 88 88 88 88 88 88 92 83 88 66 67 71 66 76 77 4 87 4 4 0 4 4 114 118 119 11 11 11 11 11 11 11 11 11 11 11 11 11 11 126 118 118 118 118 116 4 0 4 8 0 0 0 0 4 0 0 8 0 0 0 91 0 0 0 0 0 4 0 8 4 0 4 70 71 79 70 66 67 66 67 76 77 83 88 0 88 66 67 83 66 67 93 66 67 83 76 77 93 93 93 93 93 93 66 67 83 8 0 79 66 67 0 87 0 8 75 0 0 4 0 0 76 77 0 0 0 70 71 0 0 82 75 93 76 77 82 66 67 66 67 71 79 70 71 100 101 79 4 4 0 4 0 4 35 37 37 37 37 37 44 66 67 79 76 77 75 66 67 79 76 77 71 0 90 75 76 77 67 76 77 67 76 77 76 77 90 0 0 0 0 0 
92 83 88 88 88 88 88 88 88 88 88 88 88 88 92 83 88 88 70 76 77 70 66 67 0 0 8 0 0 114 118 119 11 11 11 11 11 11 11 11 11 11 11 11 11 11 11 11 11 11 11 11 11 126 118 118 116 0 4 0 4 0 0 0 8 0 4 4 0 0 0 0 0 8 0 8 3 8 0 0 8 0 0 0 4 70 76 77 75 66 76 77 92 83 88 70 71 76 77 71 76 77 71 92 66 67 93 76 77 75 83 76 77 71 76 77 93 83 70 71 0 76 77 0 79 0 76 77 4 82 66 67 93 76 77 93 93 76 77 94 79 82 66 67 94 70 71 70 71 0 4 0 4 0 0 4 0 35 37 37 37 37 44 8 0 0 95 8 0 70 71 82 66 76 77 70 71 82 66 67 4 82 76 77 66 76 77 66 67 76 77 67 66 67 90 0 0 0 0 0 
83 88 88 88 88 88 88 88 88 88 88 88 88 92 83 88 88 88 76 77 67 4 70 71 0 8 0 0 114 119 11 11 11 11 11 11 11 11 11 11 11 11 11 11 11 11 11 11 11 11 11 11 11 11 11 11 126 118 116 4 8 0 4 0 4 4 0 8 0 0 8 0 0 0 4 0 4 0 8 0 0 75 8 4 98 0 66 67 76 77 66 67 83 88 75 83 0 66 67 83 66 67 76 77 75 76 77 66 76 77 92 66 67 93 66 67 83 76 77 93 93 66 67 93 93 93 66 67 93 94 70 76 77 66 67 93 93 66 67 93 93 94 70 71 4 0 4 0 8 4 8 4 0 4 8 4 4 42 4 0 4 0 0 4 0 8 0 76 77 93 76 77 70 66 67 4 82 75 70 71 76 77 66 67 76 77 76 77 75 66 76 77 70 71 90 0 0 0 0 0 
88 88 88 88 88 88 88 88 88 88 88 88 92 83 88 88 88 88 66 67 71 76 77 4 95 0 4 4 115 11 11 11 11 11 11 11 11 11 11 11 11 11 11 11 11 11 11 11 11 11 11 11 11 11 11 11 11 11 126 118 118 118 118 116 0 0 8 0 4 0 0 8 8 0 4 0 7 0 8 0 0 79 0 0 0 4 70 71 66 67 76 77 88 88 79 92 83 70 71 88 70 76 77 67 79 66 67 70 66 76 77 70 76 77 75 71 92 66 67 93 83 70 71 8 0 8 70 71 8 8 82 66 67 70 71 91 4 70 71 8 4 4 0 4 8 4 35 37 37 37 37 37 37 37 37 37 37 44 8 95 0 4 76 77 8 76 77 66 67 4 66 67 0 70 71 82 94 79 82 93 66 67 70 76 77 67 66 67 79 70 66 76 77 82 94 0 0 0 0 0 
88 88 88 88 88 88 88 88 88 88 88 92 83 88 88 88 88 88 70 76 77 66 67 0 4 0 0 114 119 11 11 11 11 11 11 11 11 11 11 11 11 11 11 11 11 11 11 11 11 11 11 11 11 11 11 11 11 11 11 11 11 11 11 126 116 4 0 4 4 4 75 0 0 0 0 0 8 0 8 8 0 0 4 4 4 91 0 4 70 75 66 76 77 92 93 83 92 83 0 88 0 66 67 76 77 70 76 77 75 66 67 8 66 67 79 8 75 70 71 0 92 93 93 93 75 93 93 93 93 93 94 70 71 0 4 8 4 8 0 4 8 35 37 37 37 37 44 4 8 0 87 4 76 77 8 4 0 76 77 8 82 93 66 67 93 66 67 70 71 8 70 71 82 93 93 94 82 75 76 77 75 76 77 66 67 71 76 77 76 77 75 66 67 90 0 0 0 0 0 0 
88 88 88 88 88 88 88 88 88 88 92 83 88 88 88 88 88 88 76 77 67 70 75 0 0 4 8 115 11 11 11 11 11 11 11 11 11 11 11 11 11 11 11 11 11 11 11 11 11 11 11 11 11 11 11 11 11 11 11 11 11 11 11 11 126 116 4 0 0 0 79 0 4 8 0 4 34 4 0 0 4 0 0 4 0 8 0 8 0 79 76 77 67 76 77 92 83 92 83 92 76 77 71 66 67 8 66 67 79 70 76 77 75 71 0 0 79 8 8 0 0 91 0 8 79 0 8 0 96 97 4 4 0 8 35 37 37 37 37 37 37 44 0 4 0 8 4 76 77 82 75 93 66 67 93 75 93 66 67 93 94 75 70 76 77 70 76 77 4 82 75 93 94 82 76 77 76 77 66 67 79 66 76 77 71 75 66 67 66 67 76 77 71 90 0 0 0 0 0 0 
88 88 88 88 88 88 88 88 88 92 83 88 88 88 88 88 88 88 66 67 71 76 77 8 0 0 114 119 11 11 11 11 11 11 11 11 11 11 11 11 11 11 11 11 11 11 11 11 11 11 11 11 11 11 11 11 11 11 11 11 11 11 11 11 11 126 116 8 8 0 4 0 0 4 0 0 41 37 36 95 3 33 38 0 8 0 8 0 0 4 66 76 77 66 76 77 92 83 88 0 66 67 83 70 71 76 77 71 0 0 66 67 79 8 76 77 0 0 98 8 0 8 0 0 0 0 8 0 4 4 0 8 4 0 42 8 0 4 0 75 4 0 4 95 4 0 82 66 67 94 79 4 70 71 76 77 0 70 76 77 8 76 77 66 76 77 66 67 75 94 79 82 75 76 77 67 66 76 77 76 77 75 66 67 76 77 75 76 77 75 66 67 82 94 0 0 0 0 0 0 
88 88 88 88 88 88 88 88 92 83 88 88 88 88 88 88 88 88 70 76 77 66 67 0 75 8 115 11 11 11 11 11 11 11 11 11 11 11 11 11 11 11 11 11 11 11 11 11 11 11 11 11 11 11 11 11 11 11 11 11 11 11 11 11 11 11 126 118 116 8 0 4 0 0 8 4 4 8 0 0 4 8 42 4 0 0 0 8 0 4 70 66 67 76 77 67 83 88 92 83 70 71 92 93 93 66 67 93 93 83 70 76 77 0 66 67 0 8 0 35 37 37 37 37 37 37 37 37 37 37 37 37 37 37 44 75 87 8 4 76 77 4 4 82 93 76 77 70 71 8 4 8 76 77 66 67 76 77 66 76 77 66 76 77 66 76 77 71 79 76 77 94 76 77 67 76 77 66 67 66 67 76 77 76 77 67 76 77 67 76 77 71 90 0 0 0 0 0 0 0 
88 88 88 88 88 88 88 92 83 88 88 88 88 88 88 88 88 88 76 77 67 70 71 8 79 0 115 11 11 11 11 11 11 11 11 11 11 11 11 11 11 11 11 11 11 11 11 11 11 11 11 11 11 11 11 11 11 11 11 11 11 11 11 11 11 11 11 11 126 116 4 0 0 4 0 0 8 0 8 0 0 4 42 0 8 8 75 0 8 98 0 70 76 77 67 76 77 92 83 76 77 93 93 75 83 70 71 76 77 92 93 66 67 83 70 71 8 95 0 42 0 8 0 0 8 98 4 0 8 4 0 4 0 76 77 76 77 76 77 66 67 93 93 94 82 66 67 93 75 76 77 93 66 67 76 77 66 67 70 66 67 75 66 67 70 66 67 4 82 66 76 77 66 67 76 77 76 77 71 70 76 77 67 66 76 77 66 67 71 66 67 8 90 0 0 0 0 0 0 0 
88 88 88 88 88 88 92 83 88 88 88 88 88 88 88 88 88 88 66 76 77 96 97 0 4 0 113 123 11 11 11 11 11 11 11 11 11 11 11 11 11 11 11 11 11 11 11 11 11 11 11 11 11 11 11 11 11 11 11 11 11 11 11 11 11 11 11 11 11 126 116 0 8 0 0 4 0 4 0 0 4 0 40 8 0 0 79 0 0 0 4 8 66 67 76 77 76 77 92 66 67 83 0 79 92 93 93 66 67 83 76 77 71 92 93 93 93 83 0 42 8 0 82 75 93 93 93 93 93 75 93 93 93 66 76 77 67 66 67 70 71 82 76 77 94 75 76 77 79 66 67 76 77 75 66 67 70 71 76 77 71 79 70 71 4 70 71 82 76 77 66 67 70 76 77 67 66 67 76 77 66 76 77 70 66 76 77 71 76 77 75 82 94 0 0 0 0 0 0 0 
88 88 88 88 88 92 83 88 88 88 88 88 88 88 88 88 88 88 76 77 67 75 4 0 98 0 4 113 123 11 11 11 11 11 11 11 11 11 11 11 11 11 11 11 11 11 11 11 11 11 11 11 11 11 11 11 11 11 11 11 11 11 11 11 11 11 11 11 11 11 124 0 0 4 8 0 0 4 8 0 0 4 7 0 4 4 8 0 0 4 0 0 70 76 77 67 66 76 77 70 76 77 93 93 75 83 0 70 71 92 66 67 93 75 76 77 8 92 80 12 81 93 94 79 0 8 4 0 4 79 8 4 0 70 66 67 71 70 76 77 82 94 66 67 4 79 66 67 76 77 71 66 67 79 70 71 82 93 66 76 77 93 76 77 93 75 76 77 66 76 77 75 4 66 67 76 77 75 66 67 70 66 76 77 75 66 76 77 66 67 79 90 0 0 0 0 0 0 0 0 
88 88 88 88 92 83 88 88 88 88 88 88 88 88 88 88 88 88 66 67 76 77 87 8 4 0 0 4 115 11 11 11 11 11 11 11 11 11 11 11 11 11 11 11 11 11 11 11 11 11 11 11 11 11 11 11 11 11 11 11 11 11 11 11 11 11 11 11 11 11 126 116 0 0 4 0 8 0 0 8 0 8 8 0 0 4 0 8 0 0 8 95 0 66 67 75 76 77 67 76 77 67 76 77 79 76 77 93 83 75 70 76 77 79 66 67 83 75 4 42 4 8 4 0 4 35 37 37 37 37 37 37 38 4 70 76 77 82 66 67 76 77 75 76 77 76 77 71 66 67 4 70 71 82 93 76 77 8 70 66 76 77 66 76 77 79 66 76 77 66 67 79 76 77 71 66 76 77 70 76 77 76 77 67 76 77 66 76 77 71 82 94 0 0 0 0 0 0 0 0 
88 88 88 92 83 88 88 88 88 88 88 88 88 88 88 88 88 88 70 71 66 67 8 0 4 0 8 0 113 123 11 11 11 11 11 11 11 11 11 11 11 11 11 11 11 11 11 11 11 11 11 11 11 11 11 11 11 11 11 11 11 11 11 11 11 11 11 11 11 11 11 124 4 0 0 0 4 0 8 0 4 0 3 0 4 0 8 0 0 0 4 8 0 70 71 79 66 67 76 77 67 76 77 67 76 77 67 83 88 79 0 66 67 0 70 71 88 79 0 41 37 37 37 37 37 44 4 0 8 4 0 4 42 0 82 66 76 77 70 71 66 67 79 66 67 66 67 4 70 71 4 82 76 77 75 66 76 77 76 77 66 67 75 66 67 76 77 66 67 70 76 77 66 76 77 76 77 67 76 77 67 66 76 77 66 76 77 66 67 82 94 0 0 0 0 0 0 0 0 0 
88 88 92 83 88 88 88 88 88 88 88 88 88 88 88 88 88 92 83 76 77 71 0 8 0 0 4 0 0 115 11 11 11 11 11 11 11 11 11 11 11 11 11 11 11 11 11 11 11 11 11 11 11 11 11 11 11 11 11 11 11 11 11 11 11 11 11 11 11 11 11 124 0 8 0 4 75 0 4 0 8 4 0 4 0 8 7 0 4 0 8 0 0 4 0 4 70 71 66 67 76 77 67 76 77 76 77 76 77 93 83 70 71 76 77 8 75 83 4 8 4 8 0 4 0 8 0 4 0 82 93 80 12 81 76 77 66 67 76 77 75 76 77 70 75 70 71 76 77 93 76 77 66 76 77 76 77 67 66 76 77 71 76 77 71 66 67 70 76 77 66 67 75 66 67 66 67 76 77 67 76 77 66 76 77 66 67 75 71 90 0 0 0 0 0 0 0 0 0 0 
88 92 83 88 88 88 88 88 88 88 88 88 88 88 88 88 75 83 88 66 67 76 77 4 0 4 0 0 8 113 123 11 11 11 11 11 11 11 11 11 11 11 11 11 11 11 11 11 11 11 11 11 11 11 11 11 11 11 11 11 11 11 11 11 11 11 11 11 11 11 125 120 4 4 0 4 79 8 0 8 0 0 8 0 4 0 8 0 4 3 0 4 0 0 8 8 0 8 70 71 66 67 76 77 67 66 76 77 76 77 92 83 4 66 67 0 79 92 93 93 93 93 93 93 93 93 93 93 93 94 4 0 42 8 66 67 70 76 77 67 79 66 67 4 76 77 93 66 67 76 77 67 76 77 67 66 67 71 76 77 67 76 77 67 76 77 75 76 77 67 75 76 77 70 76 77 76 77 67 71 66 67 75 66 67 70 71 79 82 94 0 0 0 0 0 0 0 0 0 0 
92 83 88 88 88 88 88 88 88 88 88 88 88 88 88 88 79 88 88 70 71 66 76 77 8 0 8 0 0 0 113 123 11 11 11 11 11 11 11 11 11 11 11 11 11 11 11 11 11 11 11 11 11 11 11 11 11 11 11 11 11 11 11 11 11 11 11 11 125 121 120 4 0 0 8 0 0 8 0 0 8 0 4 0 4 0 4 0 0 0 0 0 8 4 0 0 4 0 98 0 70 71 66 76 77 76 77 67 66 67 83 88 0 70 71 0 8 0 4 0 0 4 8 4 0 4 0 0 4 0 0 35 44 76 77 75 76 77 67 71 4 70 71 82 66 67 76 77 75 66 76 77 66 67 76 77 75 76 77 67 75 66 67 71 66 67 79 66 67 71 79 66 67 4 66 67 66 67 71 4 70 71 79 70 71 4 0 82 94 0 0 0 0 0 0 0 0 0 0 0 
83 88 88 88 88 88 88 88 88 88 88 88 88 88 88 92 83 88 88 76 77 70 66 67 4 4 0 8 0 8 0 113 123 11 11 11 11 11 11 11 11 11 11 11 11 11 11 11 11 11 11 11 11 11 11 11 11 11 11 11 11 11 11 11 11 11 11 125 120 4 8 0 8 0 0 0 4 76 77 0 4 4 0 0 4 0 0 4 8 8 8 33 37 37 36 8 0 0 8 0 4 0 70 66 76 77 67 76 77 76 77 92 93 83 0 4 0 4 35 37 37 37 37 37 37 37 37 37 37 37 37 44 75 66 76 77 66 67 71 4 8 82 76 77 70 76 77 67 76 77 66 76 77 76 77 67 79 66 67 71 79 70 71 8 70 71 4 70 71 0 8 70 71 8 70 71 70 71 82 93 93 93 93 93 93 93 93 94 0 0 0 0 0 0 0 0 0 0 0 0 
88 88 88 88 88 88 88 88 88 88 88 88 88 88 92 83 88 88 88 66 76 77 75 71 0 91 8 0 4 0 0 4 113 123 11 11 11 11 11 11 11 11 11 11 11 11 11 11 11 11 11 11 11 11 11 11 11 11 11 11 11 11 11 11 11 125 121 120 8 0 0 4 0 8 8 0 98 66 67 4 0 0 76 77 0 8 76 77 8 0 0 4 4 0 4 4 4 7 0 8 0 8 0 70 66 67 76 77 67 66 76 77 76 77 93 83 4 0 42 0 8 4 0 8 4 76 77 0 8 8 4 76 77 70 66 67 70 71 82 93 76 77 66 76 77 66 76 77 66 76 77 66 67 66 67 71 8 70 71 82 93 93 93 93 93 93 93 93 93 93 93 93 93 93 93 93 93 93 94 0 8 8 0 4 0 0 93 93 0 0 0 0 0 0 0 0 0 0 0 0 
88 88 88 88 88 88 88 88 88 88 88 88 88 92 83 88 88 88 88 70 66 67 76 77 4 0 0 0 0 0 8 0 8 113 121 121 123 11 11 11 11 11 11 11 11 11 11 11 11 11 11 11 11 11 11 11 11 125 121 121 121 121 121 121 121 120 0 4 0 8 0 0 4 0 76 77 4 70 75 76 77 75 66 67 4 76 77 67 0 4 4 8 8 4 0 4 0 4 0 4 0 75 0 0 70 71 66 76 77 75 66 76 77 67 83 92 93 80 12 81 93 93 93 93 93 66 67 93 76 77 0 66 67 4 70 71 76 77 75 76 77 67 76 77 76 77 66 76 77 66 67 70 71 70 71 82 93 93 93 94 0 0 0 0 0 0 0 0 0 4 0 0 0 0 0 0 0 0 0 0 4 0 0 0 8 0 0 93 0 0 0 0 0 0 0 0 0 0 0 0 
88 88 88 88 88 88 88 88 88 88 88 88 92 83 88 88 88 88 88 75 70 76 77 67 76 77 4 8 75 0 4 0 0 4 0 0 113 121 123 11 11 11 11 11 11 11 11 11 11 11 11 11 11 11 125 121 121 120 4 4 0 8 0 4 0 8 0 0 4 0 76 77 0 4 66 67 76 77 79 66 67 79 70 76 77 66 67 76 77 76 77 4 76 77 4 8 8 0 4 34 0 79 0 8 8 0 70 66 67 76 77 66 76 77 76 77 0 0 42 0 0 0 0 76 77 70 71 0 66 67 83 70 76 77 76 77 66 67 79 66 67 71 66 67 66 67 70 66 67 70 71 4 82 93 93 94 0 8 0 0 8 0 4 8 4 0 0 0 0 8 0 0 0 0 0 0 0 8 8 0 0 4 4 4 4 8 0 93 0 0 0 0 0 0 0 0 0 0 0 0 
88 88 88 88 88 88 88 88 88 88 88 92 83 88 88 88 88 88 88 79 76 77 67 75 66 67 0 0 79 4 0 4 0 0 8 0 0 8 113 121 123 11 11 11 11 125 121 121 121 121 121 121 121 121 120 4 0 8 0 0 8 0 75 0 4 0 8 4 0 4 66 67 8 76 77 75 66 67 76 77 76 77 4 66 76 77 71 66 67 66 67 75 66 67 0 4 4 0 4 40 8 0 4 0 0 4 0 70 71 66 67 70 66 76 77 67 93 80 12 81 93 93 93 66 67 93 76 77 70 71 92 93 66 67 66 67 70 71 8 70 71 8 70 71 70 71 4 70 71 82 93 93 94 0 0 0 0 0 0 4 0 4 8 0 0 0 8 0 0 0 8 8 1 1 4 1 1 1 4 1 1 1 4 1 0 1 0 93 0 0 0 0 0 0 0 0 0 0 0 0 
88 88 88 88 88 88 88 88 88 88 92 83 88 88 88 88 88 88 92 83 66 67 71 76 77 71 76 77 8 4 8 0 8 95 0 0 4 0 0 8 113 121 121 121 121 120 8 4 0 0 4 0 4 0 4 0 4 0 4 0 0 0 79 8 0 95 76 77 8 76 77 71 75 66 67 76 77 71 66 67 66 76 77 75 66 76 77 75 76 77 76 77 70 71 76 77 0 4 0 0 8 0 8 0 8 8 4 0 4 70 71 4 70 66 67 71 4 4 42 4 0 4 0 70 71 8 66 76 77 93 83 76 77 71 70 71 4 82 93 93 93 93 93 93 93 93 93 93 93 94 0 0 8 0 8 4 0 4 0 8 0 0 0 4 4 0 8 0 4 4 0 0 1 0 0 0 1 0 4 0 1 0 0 0 1 0 8 93 0 0 0 0 0 0 0 0 0 0 0 0 
88 88 88 88 88 88 88 88 88 92 83 88 88 88 88 88 88 92 83 88 70 76 77 66 67 75 66 67 76 77 4 0 8 0 8 0 0 4 0 0 0 8 4 0 0 8 0 0 0 8 4 0 0 8 4 0 0 0 4 0 76 77 4 0 4 8 66 67 4 66 67 0 76 77 71 66 76 77 70 76 77 66 76 77 76 77 67 76 77 67 66 76 77 75 66 76 77 0 4 4 3 8 0 0 4 0 8 0 0 8 0 4 8 70 71 4 8 0 42 0 4 0 0 8 0 0 70 66 67 8 92 66 67 93 93 93 93 94 4 0 0 8 0 4 8 0 0 8 0 0 4 0 0 0 0 0 8 0 0 0 8 4 4 0 0 0 4 0 4 4 8 4 1 1 0 1 1 1 0 8 1 4 0 8 1 0 0 93 0 0 0 0 0 0 0 0 0 0 0 0 
88 88 88 88 88 88 88 88 92 83 88 88 88 88 88 88 92 83 88 88 75 66 76 77 71 76 77 71 66 76 77 75 76 77 4 76 77 0 4 8 4 0 8 4 0 87 4 76 77 0 91 76 77 0 4 8 76 77 0 4 66 67 4 76 77 75 70 76 77 75 76 77 66 76 77 76 77 67 4 66 67 70 66 67 66 67 71 66 67 76 77 66 67 76 77 66 67 4 0 0 0 8 33 36 0 7 0 0 4 0 8 4 0 0 0 4 0 0 42 8 0 0 0 0 0 4 0 70 71 0 8 70 71 0 4 0 0 8 0 8 0 4 4 0 0 0 4 0 0 4 0 0 0 0 8 0 4 4 4 4 0 0 0 0 8 0 0 4 4 0 0 0 4 4 4 4 0 8 0 0 0 0 8 0 0 4 8 93 0 0 0 0 0 0 0 0 0 0 0 0 
88 88 88 88 88 88 88 92 83 88 88 88 88 88 88 92 83 88 88 88 79 70 66 76 77 66 76 77 75 66 67 79 66 67 8 66 67 98 76 77 4 76 77 8 76 77 75 66 76 77 76 77 67 76 77 75 66 67 100 76 77 71 98 66 67 76 77 66 76 77 66 67 70 66 67 66 67 71 8 70 71 4 70 71 70 71 4 70 71 66 67 75 71 66 67 70 71 75 0 8 8 0 4 0 4 0 0 0 0 4 0 0 0 4 8 0 8 0 42 0 4 4 4 4 0 8 0 4 4 4 0 0 0 8 0 4 0 4 0 0 4 0 4 8 0 0 0 0 0 0 0 0 0 8 0 0 0 0 8 0 0 0 0 0 0 0 0 0 0 0 0 8 0 4 0 0 0 0 0 0 8 4 0 0 0 0 0 93 0 0 0 0 0 0 0 0 0 0 0 0 
88 88 88 88 88 88 92 83 88 88 88 88 88 88 92 83 88 88 88 92 83 4 70 66 67 70 66 76 77 70 76 77 75 76 77 70 76 77 66 76 77 66 67 75 66 67 79 75 66 67 66 67 71 66 76 77 70 76 77 66 67 75 76 77 76 77 67 70 66 67 70 71 8 70 71 70 71 82 93 93 93 93 93 93 93 93 93 93 83 70 71 79 8 70 71 4 8 79 0 4 0 0 4 0 4 3 8 0 8 3 0 7 0 33 37 37 37 37 45 37 37 37 37 37 37 37 37 37 37 37 37 37 37 37 37 37 37 37 37 37 37 37 37 37 37 37 37 37 37 37 37 37 37 37 37 37 37 37 37 37 37 37 37 37 37 37 37 37 37 37 37 37 37 37 37 37 37 37 37 37 37 37 37 37 37 37 37 93 0 0 0 0 0 0 0 0 0 0 0 0 
88 88 88 88 88 92 83 88 88 88 88 88 88 92 83 88 88 88 92 83 92 93 83 70 71 8 75 66 67 76 77 67 76 77 67 76 77 67 75 66 67 70 71 79 70 71 0 79 70 71 70 71 0 70 66 67 75 66 76 77 76 77 66 67 66 67 71 4 70 71 4 82 93 93 93 93 93 94 82 93 93 93 93 93 93 93 93 83 92 93 93 93 93 93 93 93 93 93 83 4 8 98 4 8 0 0 4 4 0 0 4 0 8 0 8 0 8 4 0 0 0 8 0 0 0 8 0 0 0 0 0 4 8 0 0 8 0 0 0 4 0 0 0 0 4 0 0 4 0 4 0 4 4 0 0 8 4 0 8 4 4 8 8 0 0 0 0 0 8 0 0 0 0 8 8 0 0 4 0 0 4 4 8 4 8 8 4 93 0 0 0 0 0 0 0 0 0 0 0 0 
88 88 88 88 92 83 88 88 88 88 88 88 75 83 88 88 88 92 83 92 75 83 92 93 93 83 76 77 71 66 67 71 66 67 71 66 67 71 79 70 71 0 0 82 93 93 93 93 93 93 93 93 75 83 70 71 79 70 66 67 66 67 70 71 70 71 82 93 93 93 93 94 82 93 93 93 93 93 94 82 93 93 93 93 93 93 83 92 93 93 93 93 93 93 93 93 93 83 92 93 93 93 93 93 93 93 93 83 4 8 0 4 4 8 0 76 77 0 8 4 4 0 0 0 4 0 0 8 0 4 0 4 0 0 0 8 4 8 8 0 8 0 0 8 4 0 4 0 8 8 0 0 4 0 8 0 0 8 8 0 4 0 4 0 8 4 4 4 0 4 0 0 8 0 8 4 0 4 8 0 0 0 4 0 4 0 0 93 0 0 0 0 0 0 0 0 0 0 0 0 
88 88 88 92 83 88 88 88 88 88 88 88 79 88 88 88 92 83 92 83 79 92 93 93 83 92 66 67 83 70 71 0 70 71 0 70 76 77 82 75 93 93 93 94 82 93 93 93 93 93 93 83 79 92 93 75 93 83 70 71 70 71 82 93 93 93 94 82 93 93 93 93 94 82 93 93 93 93 93 94 82 93 76 77 93 83 92 93 93 93 93 93 93 93 93 93 83 92 93 93 93 93 93 76 77 93 83 92 93 93 93 93 93 93 93 66 67 83 4 4 0 0 8 0 0 4 0 0 0 4 4 8 4 8 0 4 4 0 0 4 0 4 4 0 0 0 0 4 4 0 8 4 4 8 8 4 0 4 4 4 0 4 4 8 0 4 8 4 0 0 0 4 8 0 0 4 0 0 4 0 8 0 0 0 8 8 0 93 0 0 0 0 0 0 0 0 0 0 0 0 
88 88 92 83 88 88 88 88 88 88 88 92 83 88 88 92 83 92 83 92 93 93 93 83 92 83 70 71 92 93 93 93 93 93 93 93 66 67 94 79 82 93 93 93 94 82 93 76 77 93 83 92 93 83 4 79 4 92 93 93 93 93 94 82 93 76 77 94 82 93 93 93 93 94 82 93 93 93 93 93 94 82 66 67 83 92 93 93 93 93 93 93 93 93 93 83 92 93 93 93 93 93 93 66 67 83 92 93 93 93 93 93 93 93 83 70 71 92 93 93 93 93 93 93 93 93 93 93 93 93 93 93 93 93 93 93 93 93 93 93 93 93 93 93 93 93 93 93 93 93 93 93 93 93 93 93 93 93 93 93 93 93 93 93 93 93 93 93 93 93 93 93 93 93 93 93 93 93 93 93 93 93 93 93 93 93 93 93 0 0 0 0 0 0 0 0 0 0 0 0 
88 92 83 88 88 88 88 88 88 88 92 83 88 88 92 83 92 83 92 93 93 75 83 92 83 92 93 93 93 93 93 93 76 77 93 83 70 71 4 82 94 82 93 93 93 94 82 66 67 83 92 93 83 92 93 93 93 93 93 93 93 93 93 94 82 66 67 93 94 82 93 93 93 93 94 82 93 93 93 93 93 94 70 71 92 93 93 93 93 93 93 93 93 93 83 92 93 93 93 93 93 83 0 70 71 92 93 93 93 93 93 93 93 83 92 93 93 93 76 77 93 93 93 93 93 93 93 93 93 93 93 93 93 93 93 93 93 93 93 93 93 93 93 93 93 93 93 93 93 93 93 93 93 93 93 93 93 93 93 93 93 93 93 93 93 93 93 93 93 93 93 93 93 93 93 93 93 93 93 93 93 93 93 93 93 93 93 93 0 0 0 0 0 0 0 0 0 0 0 0 
92 83 88 88 88 88 88 88 88 92 83 88 88 92 83 75 83 92 93 93 83 79 92 83 92 93 93 93 93 93 93 93 66 67 83 92 93 93 93 94 82 94 82 93 93 93 94 70 71 92 93 83 92 93 93 93 93 93 93 93 93 93 93 93 94 70 71 82 93 94 82 93 93 93 93 94 82 93 93 93 93 93 93 93 93 93 93 93 93 93 93 93 93 83 92 93 93 93 93 93 83 92 93 93 93 93 93 93 93 93 93 93 83 92 93 93 93 93 66 67 93 93 93 93 93 93 93 93 93 93 93 93 93 93 93 93 93 93 93 93 93 93 93 93 93 93 93 93 93 93 93 93 93 93 93 93 93 93 93 93 93 93 93 93 93 93 93 93 93 93 93 93 93 93 93 93 93 93 93 93 93 93 93 93 93 93 93 93 0 0 0 0 0 0 0 0 0 0 0 0 
83 88 88 88 88 88 88 88 92 83 88 88 92 83 88 79 92 93 93 83 92 93 83 92 93 93 93 93 93 93 93 83 70 71 92 93 93 93 93 93 94 82 94 82 93 93 93 93 93 93 83 92 93 93 93 93 93 93 93 76 77 93 93 93 93 93 93 94 82 93 94 82 93 93 93 93 94 82 93 93 93 93 93 93 93 93 93 93 93 93 93 93 83 92 93 93 93 93 93 83 92 93 93 93 93 93 93 93 93 93 93 83 92 93 93 93 93 83 70 71 82 93 93 93 93 93 93 93 93 93 93 93 93 93 93 93 93 93 93 93 93 93 93 93 93 93 93 93 93 93 93 93 93 93 93 93 93 93 93 93 93 93 93 93 93 93 93 93 93 93 93 93 93 93 93 93 93 93 93 93 93 93 93 93 93 93 93 93 0 0 0 0 0 0 0 0 0 0 0 0 
88 88 88 88 88 88 88 92 83 88 88 92 83 88 92 93 93 93 83 92 93 83 92 76 77 93 93 93 93 93 83 92 93 93 93 93 93 93 93 93 93 94 82 94 82 93 76 77 93 83 92 93 93 93 93 93 93 93 93 66 67 93 93 93 93 93 93 93 94 82 93 94 82 93 93 93 93 94 82 93 93 93 93 93 93 93 93 93 93 93 93 83 92 93 93 93 93 93 83 92 93 93 93 93 93 93 93 93 93 93 83 92 93 93 93 93 83 92 93 93 94 82 93 93 93 93 93 93 93 93 93 93 93 93 93 93 93 93 93 93 93 93 93 93 93 93 93 93 93 93 93 93 93 93 93 93 93 93 93 93 93 93 93 93 93 93 93 93 93 93 93 93 93 93 93 93 93 93 93 93 93 93 93 93 93 93 93 93 0 0 0 0 0 0 0 0 0 0 0 0 
88 88 88 88 88 88 92 83 88 88 92 83 88 92 93 93 93 83 92 93 83 92 93 66 67 93 76 77 93 83 92 93 93 93 93 93 75 93 93 93 93 93 94 82 94 82 66 67 83 92 93 93 93 93 93 93 93 93 83 70 71 82 93 93 93 93 93 93 93 94 82 93 94 82 93 93 93 93 94 82 93 93 93 93 93 93 93 93 93 93 83 92 93 93 93 93 93 83 92 93 93 93 93 93 93 93 93 93 75 83 92 93 93 93 93 83 92 93 93 93 93 94 82 93 93 93 93 93 93 93 93 93 93 93 93 93 93 93 93 93 93 93 93 93 93 93 93 93 93 93 93 93 93 93 93 93 93 93 93 93 93 93 93 93 93 93 93 93 93 93 93 93 93 93 93 93 93 93 93 93 93 93 93 93 93 93 93 93 0 0 0 0 0 0 0 0 0 0 0 0 
88 88 88 88 88 92 83 88 88 92 83 88 92 93 93 76 77 92 75 83 92 93 83 70 71 82 66 67 83 92 93 93 93 93 93 83 79 82 93 93 93 93 93 94 82 94 70 71 92 93 93 93 93 93 93 93 93 83 92 93 93 94 82 93 93 93 93 93 93 93 94 82 93 94 82 93 93 93 93 94 82 93 93 93 93 93 93 93 93 83 92 93 93 93 93 93 83 92 93 93 93 93 93 93 93 93 93 83 79 92 93 93 93 93 83 92 93 93 93 93 93 93 94 82 93 93 93 93 93 93 93 93 93 93 93 93 93 93 93 93 93 93 93 93 93 93 93 93 93 93 93 93 93 93 93 93 93 93 93 93 93 93 93 93 93 93 93 93 93 93 93 93 93 93 93 93 93 93 93 93 93 93 93 93 93 93 93 93 0 0 0 0 0 0 0 0 0 0 0 0 
88 88 88 88 92 83 88 88 92 83 88 92 83 0 0 66 67 83 79 92 75 83 92 93 93 94 70 71 92 93 93 93 93 93 83 92 93 94 82 93 93 93 93 93 94 82 93 93 93 93 93 93 93 93 93 93 83 92 93 93 93 93 94 82 93 93 93 93 93 93 93 94 82 93 94 82 93 93 93 93 94 82 93 93 93 93 93 93 83 92 93 93 93 93 93 83 92 93 93 93 93 93 93 93 93 93 83 92 93 93 93 93 93 83 92 93 93 93 93 93 93 93 93 94 82 93 93 93 93 93 93 93 93 93 93 93 93 93 93 93 93 93 93 93 93 93 93 93 93 93 93 93 93 93 93 93 93 93 93 93 93 93 93 93 93 93 93 93 93 93 93 93 93 93 93 93 93 93 93 93 93 93 93 93 93 93 93 93 0 0 0 0 0 0 0 0 0 0 0 0 
88 88 88 92 83 88 88 92 83 88 92 83 92 93 83 70 71 92 93 83 79 92 93 93 93 93 93 93 93 93 93 93 93 83 92 93 93 93 94 82 93 93 93 93 93 94 82 93 93 93 93 93 93 93 93 83 92 93 93 93 93 93 93 94 82 93 93 93 93 93 93 93 94 82 93 94 82 93 93 93 93 94 82 93 93 93 93 83 92 93 93 93 93 93 83 92 93 93 93 93 93 93 93 93 93 83 92 93 93 93 93 93 83 92 93 93 93 93 93 93 93 93 93 93 94 82 93 93 93 93 93 93 93 93 93 93 93 93 93 93 93 93 93 93 93 93 93 93 93 93 93 93 93 93 93 93 93 93 93 93 93 93 93 93 93 93 93 93 93 93 93 93 93 93 93 93 93 93 93 93 93 93 93 93 93 93 93 93 0 0 0 0 0 0 0 0 0 0 0 0 
88 88 92 83 88 88 92 83 88 92 83 92 93 83 92 93 93 93 83 92 93 93 93 93 93 93 93 93 93 93 93 93 83 92 93 93 93 93 93 94 82 93 93 93 93 93 94 82 93 93 93 93 93 93 83 92 93 93 93 93 93 93 93 93 94 82 93 93 93 93 93 93 93 94 82 93 94 82 93 93 93 93 94 82 93 93 83 92 93 93 93 93 93 83 92 93 93 93 93 93 93 93 93 93 83 92 93 93 93 93 93 83 92 93 93 93 93 93 93 93 93 93 93 93 93 94 82 93 93 93 93 93 93 93 93 93 93 93 93 93 93 93 93 93 93 93 93 93 93 93 93 93 93 93 93 93 93 93 93 93 93 93 93 93 93 93 93 93 93 93 93 93 93 93 93 93 93 93 93 93 93 93 93 93 93 93 93 93 0 0 0 0 0 0 0 0 0 0 0 0 
88 92 83 88 88 92 83 88 92 83 92 93 83 92 93 93 93 83 92 93 93 93 93 93 93 93 93 93 93 93 93 83 92 93 93 93 93 93 93 93 94 82 93 93 93 93 93 94 82 93 93 93 93 83 92 93 93 93 93 93 93 93 93 93 93 94 82 93 93 93 93 93 93 93 94 82 93 94 82 93 93 93 93 94 82 83 92 93 93 93 93 93 83 92 93 93 93 93 93 93 93 93 93 83 92 93 93 93 93 93 83 92 93 93 93 93 93 93 93 93 93 93 93 93 93 93 94 82 93 93 93 93 93 93 93 93 93 93 93 93 93 93 93 93 93 93 93 93 93 93 93 93 93 93 93 93 93 93 93 93 93 93 93 93 93 93 93 93 93 93 93 93 93 93 93 93 93 93 93 93 93 93 93 93 93 93 93 93 0 0 0 0 0 0 0 0 0 0 0 0 
92 83 88 88 92 83 88 92 83 92 93 83 92 93 93 93 83 92 93 93 93 93 93 93 93 93 93 93 93 93 83 92 93 93 93 93 93 93 93 93 93 94 82 93 93 93 93 93 94 82 93 93 83 92 93 93 93 93 93 93 93 93 93 93 93 93 94 82 93 93 93 93 93 93 93 94 82 93 94 82 93 93 93 93 94 92 93 93 93 93 93 83 92 93 93 93 93 93 93 93 93 93 83 92 93 93 93 93 93 83 92 93 93 93 93 93 93 93 93 93 93 93 93 93 93 93 93 94 82 93 93 93 93 93 93 93 93 93 93 93 93 93 93 93 93 93 93 93 93 93 93 93 93 93 93 93 93 93 93 93 93 93 93 93 93 93 93 93 93 93 93 93 93 93 93 93 93 93 93 93 93 93 93 93 93 93 93 93 0 0 0 0 0 0 0 0 0 0 0 0 
83 88 88 92 83 88 92 83 92 93 83 92 93 93 93 83 92 93 93 93 93 93 93 93 93 93 93 93 93 83 92 93 93 93 93 93 93 93 93 93 93 93 94 82 93 93 93 93 93 94 82 83 92 93 93 93 93 93 93 93 93 93 93 93 93 93 93 94 82 93 93 93 93 93 93 93 94 82 93 94 82 93 93 93 93 93 93 93 93 93 83 92 93 93 93 93 93 93 93 93 93 83 92 93 93 93 93 93 83 92 93 93 93 93 93 93 93 93 93 93 93 93 93 93 93 93 93 93 94 82 93 93 93 93 93 93 93 93 93 93 93 93 93 93 93 93 93 93 93 93 93 93 93 93 93 93 93 93 93 93 93 93 93 93 93 93 93 93 93 93 93 93 93 93 93 93 93 93 93 93 93 93 93 93 93 93 93 93 0 0 0 0 0 0 0 0 0 0 0 0 
88 88 92 83 88 92 83 92 93 83 92 93 93 93 83 92 93 93 93 93 93 93 93 93 93 93 93 93 83 92 93 93 93 93 93 93 93 93 93 93 93 93 93 94 82 93 93 93 93 93 94 92 93 93 93 93 93 93 93 93 93 93 93 93 93 93 93 93 94 82 93 93 93 93 93 93 93 94 82 93 94 82 93 93 93 93 93 93 93 83 92 93 93 93 93 93 93 93 93 93 83 92 93 93 93 93 93 83 92 93 93 93 93 93 93 93 93 93 93 93 93 93 93 93 93 93 93 93 93 94 82 93 93 93 93 93 93 93 93 93 93 93 93 93 93 93 93 93 93 93 93 93 93 93 93 93 93 93 93 93 93 93 93 93 93 93 93 93 93 93 93 93 93 93 93 93 93 93 93 93 93 93 93 93 93 93 93 93 0 0 0 0 0 0 0 0 0 0 0 0 
88 92 83 88 92 83 92 93 83 92 93 93 93 83 92 93 93 93 93 93 93 93 93 93 93 93 93 83 92 93 93 93 93 93 93 93 93 93 93 93 93 93 93 93 94 82 93 93 93 93 93 93 93 93 93 93 93 93 93 93 93 93 93 93 93 93 93 93 93 94 93 93 93 93 93 93 93 93 94 82 93 94 82 93 93 93 93 93 83 92 93 93 93 93 93 93 93 93 93 83 92 93 93 93 93 93 83 92 93 93 93 93 93 93 93 93 93 93 93 93 93 93 93 93 93 93 93 93 93 93 94 82 93 93 93 93 93 93 93 93 93 93 93 93 93 93 93 93 93 93 93 93 93 93 93 93 93 93 93 93 93 93 93 93 93 93 93 93 93 93 93 93 93 93 93 93 93 93 93 93 93 93 93 93 93 93 93 93 0 0 0 0 0 0 0 0 0 0 0 0 
